-1 1 1
88.78938 -20.831074 -104.89583 88.36489 -20.742779 -104.2737 87.91495 -25.696701 -105.08696 65 8 0 
-11.41865 -63.879402 21.365395 -4.319477 -65.44662 26.431778 -6.9557457 -59.200493 32.057953 65 8 0 
82.38658 -19.69749 -108.411835 88.36489 -20.742779 -104.2737 82.851 -19.749165 -109.078575 65 8 0 
-50.261868 -31.6256 -42.178234 -65.18023 -51.37227 -46.511913 -59.024048 -29.691257 -48.431435 65 8 0 
-75.61087 -41.653606 -9.760422 -70.17896 -61.15889 -23.405478 -82.71049 -44.462196 -0.6810074 65 8 0 
-11.41865 -63.879402 21.365395 -6.852427 -66.28127 14.224075 -4.319477 -65.44662 26.431778 65 8 0 
20.691677 12.495434 -129.1795 18.158728 11.660778 -141.3872 13.592505 14.062649 -134.24588 65 8 0 
-50.261868 -31.6256 -42.178234 -75.61087 -41.653606 -9.760422 -53.688095 -50.869186 20.031036 65 8 0 
87.06311 -17.631231 -102.32417 87.06311 -9.214621 -99.72061 94.16228 -19.198446 -97.2578 65 8 0 
15.327252 -41.455063 -10.402283 7.7829137 -44.439583 -0.75413513 2.350998 -68.24257 -0.5058937 65 8 0 
77.12103 -33.22895 -77.719185 81.68719 -35.630848 -84.86043 86.95979 -33.54502 -91.60335 65 8 0 
70.02186 -31.661736 -82.78557 87.06311 -17.631231 -102.32417 84.42684 -25.96316 -101.20752 65 8 0 
18.158728 11.660778 -141.3872 8.319965 11.976845 -127.50305 13.592505 14.062649 -134.24588 65 8 0 
15.327252 -41.455063 -10.402283 24.089436 -43.389404 -4.149086 16.545097 -46.373924 5.4990654 65 8 0 
2.9863358 -58.180824 2.9434433 5.6226044 -49.848896 1.826786 10.085508 -59.748043 8.009819 65 8 0 
2.9863358 -35.186256 10.0564995 -1.5798867 -32.784386 17.197823 10.085508 -36.75347 15.122879 65 8 0 
4.398146 -50.85309 -124.71737 16.253168 -29.1366 -125.47012 45.860268 -33.775345 -145.56195 65 8 0 
5.6226044 -41.43229 4.4303513 12.721777 -42.999504 9.496723 12.721777 -51.416115 6.893162 65 8 0 
-6.852427 -34.87019 23.940659 -1.5798867 -32.784386 17.197823 2.9863358 -35.186256 10.0564995 65 8 0 
-80.32303 -43.003906 -20.301172 -80.32303 -34.5873 -17.697609 -60.645508 -35.21953 -45.465958 65 8 0 
76.2375 -8.333105 -117.47656 99.64379 -13.500286 -100.77249 82.38658 -19.69749 -108.411835 65 8 0 
-73.22386 -36.154514 -12.631233 -77.68676 -26.255466 -18.814297 -80.32303 -34.5873 -17.697609 65 8 0 
20.691677 -18.91565 -138.89609 13.592505 -17.348434 -143.96246 25.2579 -12.901007 -143.43388 65 8 0 
-1.5798867 -64.195465 7.4812355 5.5192857 -65.76269 12.547611 0.24674535 -67.84849 19.290443 65 8 0 
-56.182606 -22.124104 -32.16987 -63.281776 -20.556889 -37.236244 -60.74883 -19.722233 -25.028545 65 8 0 
-11.41865 -63.879402 21.365395 5.6226044 -49.848896 1.826786 2.9863358 -58.180824 2.9434433 65 8 0 
-1.5798867 -32.784386 17.197823 5.5192857 -34.351604 22.264198 10.085508 -36.75347 15.122879 65 8 0 
34.676476 -9.114141 -143.45868 32.861 -13.92869 -144.28363 28.85359 -7.5996284 -147.66946 163 163 163 
-60.74883 -51.133316 -34.745132 -67.848 -49.5661 -39.811512 -56.182606 -45.11867 -39.282925 65 8 0 
-14.054918 -57.633278 26.991577 -6.9557457 -59.200493 32.057953 -6.9557457 -50.783882 34.661514 65 8 0 
36.020596 -25.592491 -136.92726 26.11973 -13.379 -145.71513 31.434362 -14.756357 -142.54059 65 8 0 
-60.645508 -35.21953 -45.465958 -77.68676 -49.250034 -25.927351 -80.32303 -43.003906 -20.301172 65 8 0 
28.85359 -7.5996284 -147.66946 27.89791 -12.447323 -147.91858 28.429096 -7.5113373 -147.04733 65 8 0 
-82.710495 -116.4532 -22.950441 -53.688103 -91.72005 7.39439 -82.710495 -85.31305 -13.317661 163 163 163 
79.86062 -0.56672096 -86.95314 74.58808 -2.6525269 -80.210304 86.95979 -2.133936 -81.886765 65 8 0 
-63.281776 -20.556889 -37.236244 -73.12054 -20.240822 -23.352085 -67.848 -18.155018 -30.094923 65 8 0 
-70.587585 -50.81725 -20.860973 -80.32303 -43.003906 -20.301172 -77.68676 -49.250034 -25.927351 65 8 0 
33.42054 -16.409222 -91.36867 62.44293 -22.816214 -70.65662 76.2375 -8.333105 -117.47656 65 8 0 
-24.66571 -98.127045 28.106438 -24.665707 -57.276176 40.743095 -53.688095 -50.869186 20.031036 65 8 0 
10.085508 -36.75347 15.122879 0.24674535 -36.43741 29.007042 -4.319477 -42.45205 33.544823 65 8 0 
-53.688103 -124.24754 -2.6675491 -53.688103 -91.72005 7.39439 -82.710495 -116.4532 -22.950441 163 163 163 
-1.5798867 -64.195465 7.4812355 2.9863358 -58.180824 2.9434433 5.5192857 -65.76269 12.547611 65 8 0 
-53.546333 -28.370134 -37.79602 -60.645508 -26.802917 -42.862396 -56.182606 -22.124104 -32.16987 65 8 0 
56.76917 -97.05174 -85.670105 27.746778 -92.032104 -106.81132 33.420536 -57.26008 -104.005325 163 163 163 
-70.17896 -61.15889 -23.405478 -50.261868 -31.6256 -42.178234 -55.693783 -55.42859 -41.929993 63 63 63 
-63.281776 -43.551456 -44.3493 -67.848 -49.5661 -39.811512 -77.68676 -49.250034 -25.927351 65 8 0 
-70.587585 -50.81725 -20.860973 -60.74883 -51.133316 -34.745132 -56.182606 -45.11867 -39.282925 65 8 0 
27.894167 -4.5690784 -144.55054 20.794994 -3.0018635 -149.61691 27.894167 3.8475342 -141.94698 65 8 0 
70.02186 -8.66717 -75.67251 77.12103 -10.234383 -70.60613 81.68725 -4.219742 -75.14392 65 8 0 
-17.566092 -54.46759 31.663681 -24.665707 -57.276176 40.743095 -12.134182 -73.97287 18.018623 65 8 0 
74.48476 -18.566216 -69.48945 74.48476 -26.982826 -72.09301 94.16228 -10.781837 -94.654236 65 8 0 
-14.054918 -49.216667 29.595139 -6.9557457 -50.783882 34.661514 -4.319477 -42.45205 33.544823 65 8 0 
-53.546333 -36.786743 -40.399582 -73.22386 -44.57112 -15.234795 -70.587585 -50.81725 -20.860973 65 8 0 
76.2375 -8.333105 -117.47656 62.44293 -22.816214 -70.65662 65.92375 -40.101894 -90.02233 63 63 63 
47.480934 -1.9847965 -137.9989 16.253168 -29.1366 -125.47012 4.3981495 -10.002232 -112.08071 63 63 63 
56.76917 -97.05174 -85.670105 15.327247 -113.446075 -32.67172 27.746778 -92.032104 -106.81132 65 8 0 
33.42054 -16.409222 -91.36867 4.3981495 -10.002232 -112.08071 -13.695137 -35.04807 -31.114334 65 8 0 
91.52602 -4.5358067 -89.02808 86.95979 -2.133936 -81.886765 81.68725 -4.219742 -75.14392 65 8 0 
15.419138 10.40963 -122.43667 13.592505 14.062649 -134.24588 8.319965 11.976845 -127.50305 65 8 0 
-42.71753 -28.641079 -51.82638 -59.024048 -29.691257 -48.431435 -51.47971 -26.706736 -58.079582 65 8 0 
27.894167 3.8475342 -141.94698 8.216646 -3.9368458 -116.78219 8.216646 -12.3534565 -119.38576 65 8 0 
15.419075 -21.00148 -132.15317 20.691677 -18.91565 -138.89609 25.2579 -12.901007 -143.43388 65 8 0 
-42.717533 -100.63208 -74.09582 -13.695143 -108.42642 -53.812923 -82.710495 -116.4532 -22.950441 65 8 0 
62.442924 -63.667072 -83.293274 62.44293 -22.816214 -70.65662 15.327252 -41.455063 -10.402283 65 8 0 
67.38559 -16.999 -74.555824 67.38559 -25.415611 -77.159386 74.48476 -18.566216 -69.48945 65 8 0 
25.2579 10.093563 -136.32083 15.419138 10.40963 -122.43667 10.852915 4.394985 -117.89888 65 8 0 
-24.665714 -129.26718 18.473663 -53.688103 -124.24754 -2.6675491 -13.695143 -108.42642 -53.812923 65 8 0 
-1.2756109 -84.23776 -127.09421 -42.71753 -69.491936 -64.463036 4.398146 -50.85309 -124.71737 163 163 163 
33.42054 -16.409222 -91.36867 -13.695137 -35.04807 -31.114334 62.44293 -22.816214 -70.65662 65 8 0 
15.327252 -41.455063 -10.402283 62.44293 -22.816214 -70.65662 24.089436 -43.389404 -4.149086 65 8 0 
91.52602 -4.5358067 -89.02808 77.12103 -10.234383 -70.60613 74.48476 -18.566216 -69.48945 65 8 0 
-53.546333 -36.786743 -40.399582 -60.645508 -35.21953 -45.465958 -53.546333 -28.370134 -37.79602 65 8 0 
-1.5798867 -64.195465 7.4812355 -6.852427 -66.28127 14.224075 -11.41865 -63.879402 21.365395 65 8 0 
-24.66571 -98.127045 28.106438 15.32725 -82.30592 -23.038937 2.350998 -68.24257 -0.5058937 65 8 0 
74.61683 -40.123653 -125.03961 76.2375 -8.333105 -117.47656 71.81665 -33.49484 -111.381134 65 8 0 
62.44293 -22.816214 -70.65662 71.20512 -24.750557 -64.40341 24.089436 -43.389404 -4.149086 65 8 0 
-42.717533 -100.63208 -74.09582 27.746778 -92.032104 -106.81132 -13.695143 -108.42642 -53.812923 65 8 0 
74.58808 -2.6525269 -80.210304 81.68725 -4.219742 -75.14392 86.95979 -2.133936 -81.886765 65 8 0 
5.6226044 -41.43229 4.4303513 -14.054918 -57.633278 26.991577 -14.054918 -49.216667 29.595139 65 8 0 
81.3307 -25.771488 -106.931694 82.38658 -19.69749 -108.411835 82.75734 -24.94382 -108.67471 65 8 0 
-82.710495 -85.31305 -13.317661 -55.693783 -55.42859 -41.929993 -42.71753 -69.491936 -64.463036 65 8 0 
27.894167 3.8475342 -141.94698 20.794994 -3.0018635 -149.61691 20.794994 5.414749 -147.01335 65 8 0 
20.691677 -18.91565 -138.89609 8.319902 -19.434263 -137.21954 13.592505 -17.348434 -143.96246 65 8 0 
4.3981495 -10.002232 -112.08071 -51.47971 -26.706736 -58.079582 -4.3640347 -8.067888 -118.333916 65 8 0 
94.16228 -19.198446 -97.2578 74.48476 -26.982826 -72.09301 77.12103 -33.22895 -77.719185 65 8 0 
70.02186 -31.661736 -82.78557 77.12103 -33.22895 -77.719185 74.48476 -26.982826 -72.09301 65 8 0 
84.42684 -2.9685917 -94.09447 91.52602 -4.5358067 -89.02808 94.16228 -10.781837 -94.654236 65 8 0 
87.06311 -9.214621 -99.72061 84.42684 -2.9685917 -94.09447 94.16228 -10.781837 -94.654236 65 8 0 
3.7537427 -17.032368 -130.07831 13.592505 -17.348434 -143.96246 8.319902 -19.434263 -137.21954 65 8 0 
15.419138 10.40963 -122.43667 8.319965 11.976845 -127.50305 10.852915 4.394985 -117.89888 65 8 0 
15.327247 -113.446075 -32.67172 -13.695143 -108.42642 -53.812923 27.746778 -92.032104 -106.81132 65 8 0 
25.2579 10.093563 -136.32083 20.794994 5.414749 -147.01335 18.158728 11.660778 -141.3872 65 8 0 
-80.32303 -34.5873 -17.697609 -63.281776 -20.556889 -37.236244 -60.645508 -26.802917 -42.862396 65 8 0 
4.3981495 -10.002232 -112.08071 3.9453893 -23.615639 -134.78682 16.253168 -29.1366 -125.47012 65 8 0 
4.3981495 -10.002232 -112.08071 16.253168 -29.1366 -125.47012 4.398146 -50.85309 -124.71737 65 8 0 
61.85922 -5.158951 -127.73774 33.42054 -16.409222 -91.36867 76.2375 -8.333105 -117.47656 65 8 0 
-78.21687 -56.52953 -29.839886 -65.18023 -51.37227 -46.511913 -70.17896 -61.15889 -23.405478 65 8 0 
24.074646 3.1823845 -154.70299 34.21206 -9.062468 -142.79196 28.429096 -7.5113373 -147.04733 65 8 0 
70.02186 -8.66717 -75.67251 67.38559 -16.999 -74.555824 77.12103 -10.234383 -70.60613 65 8 0 
-66.02137 -21.808037 -18.285707 -67.848 -18.155018 -30.094923 -73.12054 -20.240822 -23.352085 65 8 0 
74.58808 -2.6525269 -80.210304 70.02186 -8.66717 -75.67251 81.68725 -4.219742 -75.14392 65 8 0 
-11.41865 -40.884834 28.478447 -14.054918 -49.216667 29.595139 -4.319477 -42.45205 33.544823 65 8 0 
99.64379 -13.500286 -100.77249 91.0617 -35.730278 -95.62352 88.36489 -20.742779 -104.2737 65 8 0 
-73.22386 -44.57112 -15.234795 -80.32303 -43.003906 -20.301172 -70.587585 -50.81725 -20.860973 65 8 0 
87.06311 -17.631231 -102.32417 70.02186 -31.661736 -82.78557 67.38559 -25.415611 -77.159386 65 8 0 
71.81665 -33.49484 -111.381134 81.3307 -25.771488 -106.931694 86.13676 -26.628378 -102.88353 65 8 0 
74.58801 -34.063633 -89.9268 84.42684 -25.96316 -101.20752 79.86062 -31.977802 -96.66972 65 8 0 
5.6226044 -49.848896 1.826786 5.6226044 -41.43229 4.4303513 12.721777 -51.416115 6.893162 65 8 0 
18.158728 11.660778 -141.3872 1.1174738 -2.3696308 -121.84857 3.7537427 5.9622 -122.965256 65 8 0 
71.20512 -24.750557 -64.40341 62.44293 -22.816214 -70.65662 79.51454 -40.29831 -80.85632 65 8 0 
-50.261868 -31.6256 -42.178234 -13.695137 -35.04807 -31.114334 -42.71753 -28.641079 -51.82638 65 8 0 
-1.2756109 -84.23776 -127.09421 27.746778 -92.032104 -106.81132 -42.717533 -100.63208 -74.09582 65 8 0 
-66.02137 -53.21912 -28.002296 -73.12054 -51.651905 -33.068672 -60.74883 -51.133316 -34.745132 65 8 0 
3.7537427 -17.032368 -130.07831 20.794994 -3.0018635 -149.61691 18.158728 -11.333792 -148.50027 65 8 0 
-11.41865 -40.884834 28.478447 -4.319477 -42.45205 33.544823 0.24674535 -36.43741 29.007042 65 8 0 
18.158728 11.660778 -141.3872 3.7537427 5.9622 -122.965256 8.319965 11.976845 -127.50305 65 8 0 
87.06311 -17.631231 -102.32417 94.16228 -19.198446 -97.2578 91.52602 -27.530376 -96.14114 65 8 0 
-82.710495 -85.31305 -13.317661 -53.688095 -50.869186 20.031036 -82.71049 -44.462196 -0.6810074 65 8 0 
10.085508 -59.748043 8.009819 -4.319477 -65.44662 26.431778 5.5192857 -65.76269 12.547611 65 8 0 
67.38559 -25.415611 -77.159386 87.06311 -9.214621 -99.72061 87.06311 -17.631231 -102.32417 65 8 0 
76.2375 -8.333105 -117.47656 74.61683 -40.123653 -125.03961 61.85922 -5.158951 -127.73774 63 63 63 
-6.852427 -66.28127 14.224075 -1.5798867 -64.195465 7.4812355 0.24674535 -67.84849 19.290443 65 8 0 
-53.688103 -124.24754 -2.6675491 -24.665714 -129.26718 18.473663 -53.688103 -91.72005 7.39439 163 163 163 
62.442924 -63.667072 -83.293274 33.420536 -57.26008 -104.005325 74.61683 -40.123653 -125.03961 65 8 0 
-73.22386 -44.57112 -15.234795 -80.32303 -34.5873 -17.697609 -80.32303 -43.003906 -20.301172 65 8 0 
74.58801 -34.063633 -89.9268 79.86062 -31.977802 -96.66972 81.68719 -35.630848 -84.86043 65 8 0 
45.860268 -33.775345 -145.56195 61.85922 -5.158951 -127.73774 60.238552 -44.06389 -137.50153 63 63 63 
34.21206 -9.062468 -142.79196 34.676476 -9.114141 -143.45868 28.429096 -7.5113373 -147.04733 65 8 0 
-82.71049 -44.462196 -0.6810074 -70.17896 -61.15889 -23.405478 -82.710495 -85.31305 -13.317661 65 8 0 
-75.61087 -41.653606 -9.760422 -82.71049 -44.462196 -0.6810074 -53.688095 -50.869186 20.031036 65 8 0 
-12.134182 -73.97287 18.018623 -24.66571 -98.127045 28.106438 2.350998 -68.24257 -0.5058937 65 8 0 
20.691677 12.495434 -129.1795 13.592505 14.062649 -134.24588 15.419138 10.40963 -122.43667 65 8 0 
-4.319477 -65.44662 26.431778 10.085508 -59.748043 8.009819 12.721777 -51.416115 6.893162 65 8 0 
67.38559 -25.415611 -77.159386 74.48476 -26.982826 -72.09301 74.48476 -18.566216 -69.48945 65 8 0 
-70.587585 -27.822681 -13.747921 -73.12054 -20.240822 -23.352085 -77.68676 -26.255466 -18.814297 65 8 0 
25.2579 -12.901007 -143.43388 13.592505 -17.348434 -143.96246 18.158728 -11.333792 -148.50027 65 8 0 
-24.66571 -98.127045 28.106438 -24.665714 -129.26718 18.473663 15.32725 -82.30592 -23.038937 163 163 163 
-12.134182 -73.97287 18.018623 2.350998 -68.24257 -0.5058937 7.7829137 -44.439583 -0.75413513 63 63 63 
5.6226044 -41.43229 4.4303513 2.9863358 -35.186256 10.0564995 12.721777 -42.999504 9.496723 65 8 0 
88.36489 -20.742779 -104.2737 86.13676 -26.628378 -102.88353 87.91495 -25.696701 -105.08696 65 8 0 
87.06311 -9.214621 -99.72061 67.38559 -25.415611 -77.159386 67.38559 -16.999 -74.555824 65 8 0 
10.852915 -18.599583 -125.01193 25.2579 -12.901007 -143.43388 27.894167 -4.5690784 -144.55054 65 8 0 
18.158728 -11.333792 -148.50027 13.592505 -17.348434 -143.96246 3.7537427 -17.032368 -130.07831 65 8 0 
-56.182606 -22.124104 -32.16987 -66.02137 -21.808037 -18.285707 -70.587585 -27.822681 -13.747921 65 8 0 
-66.02137 -21.808037 -18.285707 -56.182606 -22.124104 -32.16987 -60.74883 -19.722233 -25.028545 65 8 0 
84.42684 -2.9685917 -94.09447 79.86062 -0.56672096 -86.95314 91.52602 -4.5358067 -89.02808 65 8 0 
15.419075 -21.00148 -132.15317 8.319902 -19.434263 -137.21954 20.691677 -18.91565 -138.89609 65 8 0 
91.52602 -4.5358067 -89.02808 81.68725 -4.219742 -75.14392 77.12103 -10.234383 -70.60613 65 8 0 
71.81665 -33.49484 -111.381134 76.2375 -8.333105 -117.47656 65.92375 -40.101894 -90.02233 63 63 63 
25.2579 10.093563 -136.32083 18.158728 11.660778 -141.3872 20.691677 12.495434 -129.1795 65 8 0 
91.0617 -35.730278 -95.62352 71.81665 -33.49484 -111.381134 86.13676 -26.628378 -102.88353 65 8 0 
-24.665707 -57.276176 40.743095 -24.66571 -98.127045 28.106438 -12.134182 -73.97287 18.018623 65 8 0 
-63.281776 -20.556889 -37.236244 -80.32303 -34.5873 -17.697609 -77.68676 -26.255466 -18.814297 65 8 0 
33.42054 -16.409222 -91.36867 47.480934 -1.9847965 -137.9989 4.3981495 -10.002232 -112.08071 65 8 0 
8.216646 -12.3534565 -119.38576 27.894167 -4.5690784 -144.55054 27.894167 3.8475342 -141.94698 65 8 0 
-6.852427 -34.87019 23.940659 -11.41865 -40.884834 28.478447 0.24674535 -36.43741 29.007042 65 8 0 
8.216646 -3.9368458 -116.78219 25.2579 10.093563 -136.32083 10.852915 4.394985 -117.89888 65 8 0 
-60.74883 -51.133316 -34.745132 -73.12054 -51.651905 -33.068672 -67.848 -49.5661 -39.811512 65 8 0 
74.58801 -34.063633 -89.9268 81.68719 -35.630848 -84.86043 77.12103 -33.22895 -77.719185 65 8 0 
5.6226044 -49.848896 1.826786 12.721777 -51.416115 6.893162 10.085508 -59.748043 8.009819 65 8 0 
-53.546333 -28.370134 -37.79602 -60.645508 -35.21953 -45.465958 -60.645508 -26.802917 -42.862396 65 8 0 
74.48476 -26.982826 -72.09301 94.16228 -19.198446 -97.2578 94.16228 -10.781837 -94.654236 65 8 0 
27.894167 3.8475342 -141.94698 20.794994 5.414749 -147.01335 25.2579 10.093563 -136.32083 65 8 0 
-13.695137 -35.04807 -31.114334 -50.261868 -31.6256 -42.178234 -53.688095 -50.869186 20.031036 65 8 0 
15.327247 -113.446075 -32.67172 -24.665714 -129.26718 18.473663 -13.695143 -108.42642 -53.812923 65 8 0 
-63.281776 -20.556889 -37.236244 -77.68676 -26.255466 -18.814297 -73.12054 -20.240822 -23.352085 65 8 0 
62.442924 -63.667072 -83.293274 56.76917 -97.05174 -85.670105 33.420536 -57.26008 -104.005325 163 163 163 
88.78938 -20.831074 -104.89583 87.91495 -25.696701 -105.08696 82.75734 -24.94382 -108.67471 163 163 163 
-24.665714 -129.26718 18.473663 15.327247 -113.446075 -32.67172 15.32725 -82.30592 -23.038937 163 163 163 
7.7829137 -44.439583 -0.75413513 16.545097 -46.373924 5.4990654 10.388914 -68.05493 7.418583 65 8 0 
70.02186 -31.661736 -82.78557 74.58801 -34.063633 -89.9268 77.12103 -33.22895 -77.719185 65 8 0 
15.49255 -19.047611 -149.55402 26.11973 -13.379 -145.71513 36.020596 -25.592491 -136.92726 65 8 0 
31.434362 -14.756357 -142.54059 32.861 -13.92869 -144.28363 34.21206 -9.062468 -142.79196 65 8 0 
-53.546333 -28.370134 -37.79602 -73.22386 -36.154514 -12.631233 -73.22386 -44.57112 -15.234795 65 8 0 
-53.546333 -36.786743 -40.399582 -63.281776 -43.551456 -44.3493 -60.645508 -35.21953 -45.465958 65 8 0 
26.11973 -13.379 -145.71513 27.89791 -12.447323 -147.91858 31.434362 -14.756357 -142.54059 65 8 0 
31.434362 -14.756357 -142.54059 27.89791 -12.447323 -147.91858 32.861 -13.92869 -144.28363 65 8 0 
45.860268 -33.775345 -145.56195 16.253168 -29.1366 -125.47012 36.020596 -25.592491 -136.92726 65 8 0 
65.92375 -40.101894 -90.02233 71.81665 -33.49484 -111.381134 91.0617 -35.730278 -95.62352 65 8 0 
86.13676 -26.628378 -102.88353 81.3307 -25.771488 -106.931694 87.91495 -25.696701 -105.08696 65 8 0 
2.9863358 -35.186256 10.0564995 10.085508 -36.75347 15.122879 12.721777 -42.999504 9.496723 65 8 0 
33.420536 -57.26008 -104.005325 60.238552 -44.06389 -137.50153 74.61683 -40.123653 -125.03961 65 8 0 
-60.74883 -19.722233 -25.028545 -63.281776 -20.556889 -37.236244 -67.848 -18.155018 -30.094923 65 8 0 
10.085508 -36.75347 15.122879 -4.319477 -42.45205 33.544823 -6.9557457 -50.783882 34.661514 65 8 0 
10.852915 -18.599583 -125.01193 3.7537427 -17.032368 -130.07831 15.419075 -21.00148 -132.15317 65 8 0 
-6.852427 -66.28127 14.224075 0.24674535 -67.84849 19.290443 -4.319477 -65.44662 26.431778 65 8 0 
-13.695137 -35.04807 -31.114334 15.327252 -41.455063 -10.402283 62.44293 -22.816214 -70.65662 65 8 0 
82.851 -19.749165 -109.078575 88.78938 -20.831074 -104.89583 82.75734 -24.94382 -108.67471 163 163 163 
56.76917 -97.05174 -85.670105 62.442924 -63.667072 -83.293274 15.32725 -82.30592 -23.038937 163 163 163 
84.42684 -25.96316 -101.20752 91.52602 -27.530376 -96.14114 86.95979 -33.54502 -91.60335 65 8 0 
-80.32303 -34.5873 -17.697609 -60.645508 -26.802917 -42.862396 -60.645508 -35.21953 -45.465958 65 8 0 
47.480934 -1.9847965 -137.9989 34.21206 -9.062468 -142.79196 24.074646 3.1823845 -154.70299 65 8 0 
25.2579 -12.901007 -143.43388 18.158728 -11.333792 -148.50027 27.894167 -4.5690784 -144.55054 65 8 0 
1.1174738 -2.3696308 -121.84857 18.158728 11.660778 -141.3872 20.794994 5.414749 -147.01335 65 8 0 
-84.373055 -39.71926 -16.013618 -78.21687 -56.52953 -29.839886 -75.61087 -41.653606 -9.760422 65 8 0 
79.86062 -0.56672096 -86.95314 86.95979 -2.133936 -81.886765 91.52602 -4.5358067 -89.02808 65 8 0 
15.49255 -19.047611 -149.55402 28.429096 -7.5113373 -147.04733 26.11973 -13.379 -145.71513 65 8 0 
2.350998 -68.24257 -0.5058937 7.7829137 -44.439583 -0.75413513 10.388914 -68.05493 7.418583 65 8 0 
36.020596 -25.592491 -136.92726 16.253168 -29.1366 -125.47012 47.480934 -1.9847965 -137.9989 63 63 63 
74.61683 -40.123653 -125.03961 71.81665 -33.49484 -111.381134 65.92375 -40.101894 -90.02233 65 8 0 
82.38658 -19.69749 -108.411835 82.851 -19.749165 -109.078575 82.75734 -24.94382 -108.67471 65 8 0 
-53.688103 -91.72005 7.39439 -53.688095 -50.869186 20.031036 -82.710495 -85.31305 -13.317661 65 8 0 
-70.17896 -61.15889 -23.405478 -55.693783 -55.42859 -41.929993 -82.710495 -85.31305 -13.317661 65 8 0 
7.7829137 -44.439583 -0.75413513 15.327252 -41.455063 -10.402283 16.545097 -46.373924 5.4990654 65 8 0 
-70.587585 -50.81725 -20.860973 -77.68676 -49.250034 -25.927351 -66.02137 -53.21912 -28.002296 65 8 0 
-56.182606 -22.124104 -32.16987 -60.645508 -26.802917 -42.862396 -63.281776 -20.556889 -37.236244 65 8 0 
-6.9557457 -59.200493 32.057953 12.721777 -51.416115 6.893162 -6.9557457 -50.783882 34.661514 65 8 0 
84.42684 -2.9685917 -94.09447 70.02186 -8.66717 -75.67251 74.58808 -2.6525269 -80.210304 65 8 0 
81.3307 -25.771488 -106.931694 71.81665 -33.49484 -111.381134 82.38658 -19.69749 -108.411835 65 8 0 
-66.02137 -21.808037 -18.285707 -73.12054 -20.240822 -23.352085 -70.587585 -27.822681 -13.747921 65 8 0 
-77.68676 -49.250034 -25.927351 -60.645508 -35.21953 -45.465958 -63.281776 -43.551456 -44.3493 65 8 0 
28.429096 -7.5113373 -147.04733 34.676476 -9.114141 -143.45868 28.85359 -7.5996284 -147.66946 65 8 0 
-42.71753 -28.641079 -51.82638 -55.693783 -55.42859 -41.929993 -50.261868 -31.6256 -42.178234 65 8 0 
-82.710495 -85.31305 -13.317661 -42.71753 -69.491936 -64.463036 -82.710495 -116.4532 -22.950441 163 163 163 
15.327247 -113.446075 -32.67172 56.76917 -97.05174 -85.670105 15.32725 -82.30592 -23.038937 163 163 163 
16.253168 -29.1366 -125.47012 15.49255 -19.047611 -149.55402 36.020596 -25.592491 -136.92726 65 8 0 
3.9453893 -23.615639 -134.78682 15.49255 -19.047611 -149.55402 16.253168 -29.1366 -125.47012 65 8 0 
87.06311 -9.214621 -99.72061 67.38559 -16.999 -74.555824 84.42684 -2.9685917 -94.09447 65 8 0 
8.216646 -3.9368458 -116.78219 1.1174738 -2.3696308 -121.84857 8.216646 -12.3534565 -119.38576 65 8 0 
-8.803907 -56.40193 37.91687 -17.566092 -54.46759 31.663681 -2.6477246 -73.2122 24.090614 65 8 0 
-82.710495 -116.4532 -22.950441 -13.695143 -108.42642 -53.812923 -53.688103 -124.24754 -2.6675491 65 8 0 
-70.587585 -50.81725 -20.860973 -56.182606 -45.11867 -39.282925 -53.546333 -36.786743 -40.399582 65 8 0 
74.61683 -40.123653 -125.03961 60.238552 -44.06389 -137.50153 61.85922 -5.158951 -127.73774 63 63 63 
5.6226044 -49.848896 1.826786 -11.41865 -63.879402 21.365395 -14.054918 -57.633278 26.991577 65 8 0 
-42.71753 -69.491936 -64.463036 -42.71753 -28.641079 -51.82638 4.398146 -50.85309 -124.71737 65 8 0 
33.420536 -57.26008 -104.005325 45.860268 -33.775345 -145.56195 60.238552 -44.06389 -137.50153 65 8 0 
27.894167 -4.5690784 -144.55054 8.216646 -12.3534565 -119.38576 10.852915 -18.599583 -125.01193 65 8 0 
99.64379 -13.500286 -100.77249 88.36489 -20.742779 -104.2737 82.38658 -19.69749 -108.411835 65 8 0 
91.52602 -27.530376 -96.14114 77.12103 -33.22895 -77.719185 86.95979 -33.54502 -91.60335 65 8 0 
4.398146 -50.85309 -124.71737 45.860268 -33.775345 -145.56195 33.420536 -57.26008 -104.005325 65 8 0 
-50.261868 -31.6256 -42.178234 -59.024048 -29.691257 -48.431435 -42.71753 -28.641079 -51.82638 65 8 0 
-42.71753 -28.641079 -51.82638 -51.47971 -26.706736 -58.079582 4.3981495 -10.002232 -112.08071 65 8 0 
-6.9557457 -50.783882 34.661514 12.721777 -51.416115 6.893162 12.721777 -42.999504 9.496723 65 8 0 
-75.61087 -41.653606 -9.760422 -78.21687 -56.52953 -29.839886 -70.17896 -61.15889 -23.405478 65 8 0 
5.6226044 -41.43229 4.4303513 -14.054918 -49.216667 29.595139 2.9863358 -35.186256 10.0564995 65 8 0 
88.36489 -20.742779 -104.2737 88.78938 -20.831074 -104.89583 82.851 -19.749165 -109.078575 65 8 0 
-1.2756109 -84.23776 -127.09421 33.420536 -57.26008 -104.005325 27.746778 -92.032104 -106.81132 163 163 163 
10.085508 -36.75347 15.122879 5.5192857 -34.351604 22.264198 0.24674535 -36.43741 29.007042 65 8 0 
-73.22386 -36.154514 -12.631233 -80.32303 -34.5873 -17.697609 -73.22386 -44.57112 -15.234795 65 8 0 
79.51454 -40.29831 -80.85632 65.92375 -40.101894 -90.02233 91.0617 -35.730278 -95.62352 65 8 0 
-13.695137 -35.04807 -31.114334 -53.688095 -50.869186 20.031036 7.7829137 -44.439583 -0.75413513 65 8 0 
15.419075 -21.00148 -132.15317 3.7537427 -17.032368 -130.07831 8.319902 -19.434263 -137.21954 65 8 0 
-73.22386 -44.57112 -15.234795 -53.546333 -36.786743 -40.399582 -53.546333 -28.370134 -37.79602 65 8 0 
1.1174738 -10.786242 -124.45213 20.794994 5.414749 -147.01335 20.794994 -3.0018635 -149.61691 65 8 0 
62.44293 -22.816214 -70.65662 62.442924 -63.667072 -83.293274 65.92375 -40.101894 -90.02233 65 8 0 
25.2579 -12.901007 -143.43388 10.852915 -18.599583 -125.01193 15.419075 -21.00148 -132.15317 65 8 0 
12.721777 -51.416115 6.893162 -6.9557457 -59.200493 32.057953 -4.319477 -65.44662 26.431778 65 8 0 
-42.71753 -69.491936 -64.463036 -55.693783 -55.42859 -41.929993 -42.71753 -28.641079 -51.82638 65 8 0 
79.86062 -31.977802 -96.66972 84.42684 -25.96316 -101.20752 86.95979 -33.54502 -91.60335 65 8 0 
20.794994 -3.0018635 -149.61691 3.7537427 -17.032368 -130.07831 1.1174738 -10.786242 -124.45213 65 8 0 
-60.74883 -19.722233 -25.028545 -67.848 -18.155018 -30.094923 -66.02137 -21.808037 -18.285707 65 8 0 
27.894167 -4.5690784 -144.55054 18.158728 -11.333792 -148.50027 20.794994 -3.0018635 -149.61691 65 8 0 
74.48476 -18.566216 -69.48945 94.16228 -10.781837 -94.654236 91.52602 -4.5358067 -89.02808 65 8 0 
71.81665 -33.49484 -111.381134 76.2375 -8.333105 -117.47656 82.38658 -19.69749 -108.411835 65 8 0 
-56.182606 -45.11867 -39.282925 -67.848 -49.5661 -39.811512 -63.281776 -43.551456 -44.3493 65 8 0 
15.419138 10.40963 -122.43667 25.2579 10.093563 -136.32083 20.691677 12.495434 -129.1795 65 8 0 
-17.566092 -54.46759 31.663681 -12.134182 -73.97287 18.018623 -2.6477246 -73.2122 24.090614 65 8 0 
-14.054918 -49.216667 29.595139 -11.41865 -40.884834 28.478447 2.9863358 -35.186256 10.0564995 65 8 0 
62.44293 -22.816214 -70.65662 65.92375 -40.101894 -90.02233 79.51454 -40.29831 -80.85632 65 8 0 
-56.182606 -45.11867 -39.282925 -63.281776 -43.551456 -44.3493 -53.546333 -36.786743 -40.399582 65 8 0 
-1.5798867 -32.784386 17.197823 -6.852427 -34.87019 23.940659 5.5192857 -34.351604 22.264198 65 8 0 
1.1174738 -2.3696308 -121.84857 20.794994 5.414749 -147.01335 1.1174738 -10.786242 -124.45213 65 8 0 
-11.41865 -63.879402 21.365395 2.9863358 -58.180824 2.9434433 -1.5798867 -64.195465 7.4812355 65 8 0 
-66.02137 -53.21912 -28.002296 -77.68676 -49.250034 -25.927351 -73.12054 -51.651905 -33.068672 65 8 0 
67.38559 -16.999 -74.555824 70.02186 -8.66717 -75.67251 84.42684 -2.9685917 -94.09447 65 8 0 
4.398146 -50.85309 -124.71737 -42.71753 -28.641079 -51.82638 4.3981495 -10.002232 -112.08071 65 8 0 
4.398146 -50.85309 -124.71737 33.420536 -57.26008 -104.005325 -1.2756109 -84.23776 -127.09421 163 163 163 
10.852915 4.394985 -117.89888 3.7537427 5.9622 -122.965256 8.216646 -3.9368458 -116.78219 65 8 0 
24.074646 3.1823845 -154.70299 28.429096 -7.5113373 -147.04733 15.49255 -19.047611 -149.55402 65 8 0 
77.12103 -33.22895 -77.719185 91.52602 -27.530376 -96.14114 94.16228 -19.198446 -97.2578 65 8 0 
87.06311 -9.214621 -99.72061 94.16228 -10.781837 -94.654236 94.16228 -19.198446 -97.2578 65 8 0 
62.442924 -63.667072 -83.293274 74.61683 -40.123653 -125.03961 65.92375 -40.101894 -90.02233 65 8 0 
-55.693783 -55.42859 -41.929993 -65.18023 -51.37227 -46.511913 -50.261868 -31.6256 -42.178234 65 8 0 
45.860268 -33.775345 -145.56195 36.020596 -25.592491 -136.92726 47.480934 -1.9847965 -137.9989 65 8 0 
-4.319477 -65.44662 26.431778 0.24674535 -67.84849 19.290443 5.5192857 -65.76269 12.547611 65 8 0 
-82.710495 -116.4532 -22.950441 -42.71753 -69.491936 -64.463036 -42.717533 -100.63208 -74.09582 163 163 163 
-17.566092 -54.46759 31.663681 -12.134182 -73.97287 18.018623 7.7829137 -44.439583 -0.75413513 63 63 63 
84.42684 -25.96316 -101.20752 87.06311 -17.631231 -102.32417 91.52602 -27.530376 -96.14114 65 8 0 
-14.054918 -49.216667 29.595139 -14.054918 -57.633278 26.991577 -6.9557457 -50.783882 34.661514 65 8 0 
-77.68676 -49.250034 -25.927351 -67.848 -49.5661 -39.811512 -73.12054 -51.651905 -33.068672 65 8 0 
8.216646 -3.9368458 -116.78219 3.7537427 5.9622 -122.965256 1.1174738 -2.3696308 -121.84857 65 8 0 
61.85922 -5.158951 -127.73774 47.480934 -1.9847965 -137.9989 33.42054 -16.409222 -91.36867 65 8 0 
31.434362 -14.756357 -142.54059 34.21206 -9.062468 -142.79196 36.020596 -25.592491 -136.92726 65 8 0 
2.9863358 -58.180824 2.9434433 10.085508 -59.748043 8.009819 5.5192857 -65.76269 12.547611 65 8 0 
79.86062 -31.977802 -96.66972 86.95979 -33.54502 -91.60335 81.68719 -35.630848 -84.86043 65 8 0 
-60.74883 -51.133316 -34.745132 -70.587585 -50.81725 -20.860973 -66.02137 -53.21912 -28.002296 65 8 0 
-6.852427 -34.87019 23.940659 0.24674535 -36.43741 29.007042 5.5192857 -34.351604 22.264198 65 8 0 
10.852915 -18.599583 -125.01193 1.1174738 -10.786242 -124.45213 3.7537427 -17.032368 -130.07831 65 8 0 
67.38559 -25.415611 -77.159386 70.02186 -31.661736 -82.78557 74.48476 -26.982826 -72.09301 65 8 0 
84.42684 -25.96316 -101.20752 74.58801 -34.063633 -89.9268 70.02186 -31.661736 -82.78557 65 8 0 
7.7829137 -44.439583 -0.75413513 -53.688095 -50.869186 20.031036 -17.566092 -54.46759 31.663681 65 8 0 
28.85359 -7.5996284 -147.66946 32.861 -13.92869 -144.28363 27.89791 -12.447323 -147.91858 163 163 163 
10.852915 4.394985 -117.89888 8.319965 11.976845 -127.50305 3.7537427 5.9622 -122.965256 65 8 0 
-53.546333 -28.370134 -37.79602 -56.182606 -22.124104 -32.16987 -73.22386 -36.154514 -12.631233 65 8 0 
-17.566092 -54.46759 31.663681 -53.688095 -50.869186 20.031036 -24.665707 -57.276176 40.743095 65 8 0 
-42.717533 -100.63208 -74.09582 -42.71753 -69.491936 -64.463036 -1.2756109 -84.23776 -127.09421 163 163 163 
-14.054918 -57.633278 26.991577 -11.41865 -63.879402 21.365395 -6.9557457 -59.200493 32.057953 65 8 0 
-6.9557457 -50.783882 34.661514 12.721777 -42.999504 9.496723 10.085508 -36.75347 15.122879 65 8 0 
-12.134182 -73.97287 18.018623 2.350998 -68.24257 -0.5058937 10.388914 -68.05493 7.418583 65 8 0 
15.32725 -82.30592 -23.038937 15.327252 -41.455063 -10.402283 2.350998 -68.24257 -0.5058937 65 8 0 
34.21206 -9.062468 -142.79196 32.861 -13.92869 -144.28363 34.676476 -9.114141 -143.45868 65 8 0 
81.3307 -25.771488 -106.931694 82.75734 -24.94382 -108.67471 87.91495 -25.696701 -105.08696 65 8 0 
47.480934 -1.9847965 -137.9989 61.85922 -5.158951 -127.73774 45.860268 -33.775345 -145.56195 63 63 63 
-53.688103 -91.72005 7.39439 -24.66571 -98.127045 28.106438 -53.688095 -50.869186 20.031036 65 8 0 
8.216646 -12.3534565 -119.38576 1.1174738 -10.786242 -124.45213 10.852915 -18.599583 -125.01193 65 8 0 
-13.695137 -35.04807 -31.114334 4.3981495 -10.002232 -112.08071 -42.71753 -28.641079 -51.82638 65 8 0 
-14.054918 -57.633278 26.991577 5.6226044 -41.43229 4.4303513 5.6226044 -49.848896 1.826786 65 8 0 
15.32725 -82.30592 -23.038937 62.442924 -63.667072 -83.293274 15.327252 -41.455063 -10.402283 65 8 0 
-70.587585 -27.822681 -13.747921 -77.68676 -26.255466 -18.814297 -73.22386 -36.154514 -12.631233 65 8 0 
-24.665714 -129.26718 18.473663 -24.66571 -98.127045 28.106438 -53.688103 -91.72005 7.39439 163 163 163 
-2.6477246 -73.2122 24.090614 -12.134182 -73.97287 18.018623 10.388914 -68.05493 7.418583 65 8 0 
91.0617 -35.730278 -95.62352 86.13676 -26.628378 -102.88353 88.36489 -20.742779 -104.2737 65 8 0 
67.38559 -16.999 -74.555824 74.48476 -18.566216 -69.48945 77.12103 -10.234383 -70.60613 65 8 0 
-70.17896 -61.15889 -23.405478 -65.18023 -51.37227 -46.511913 -55.693783 -55.42859 -41.929993 65 8 0 
27.894167 3.8475342 -141.94698 25.2579 10.093563 -136.32083 8.216646 -3.9368458 -116.78219 65 8 0 
-73.22386 -36.154514 -12.631233 -56.182606 -22.124104 -32.16987 -70.587585 -27.822681 -13.747921 65 8 0 
-75.61087 -41.653606 -9.760422 -50.261868 -31.6256 -42.178234 -70.17896 -61.15889 -23.405478 63 63 63 
2.9863358 -35.186256 10.0564995 -11.41865 -40.884834 28.478447 -6.852427 -34.87019 23.940659 65 8 0 
8.216646 -12.3534565 -119.38576 1.1174738 -2.3696308 -121.84857 1.1174738 -10.786242 -124.45213 65 8 0 
36.020596 -25.592491 -136.92726 34.21206 -9.062468 -142.79196 47.480934 -1.9847965 -137.9989 65 8 0 
-4.3640347 -8.067888 -118.333916 3.9453893 -23.615639 -134.78682 4.3981495 -10.002232 -112.08071 65 8 0 
74.58808 -2.6525269 -80.210304 79.86062 -0.56672096 -86.95314 84.42684 -2.9685917 -94.09447 65 8 0 
7.7829137 -44.439583 -0.75413513 15.327252 -41.455063 -10.402283 -13.695137 -35.04807 -31.114334 65 8 0 
28.429096 -7.5113373 -147.04733 27.89791 -12.447323 -147.91858 26.11973 -13.379 -145.71513 65 8 0 
